0 1156
0 1029
0 1149
1 1084
1 1215
1 1172
1 1008
2 1133
2 1062
2 1296
2 1086
3 1080
3 1220
4 1128
4 1005
4 1148
4 1150
4 1023
5 1200
5 1313
5 1092
6 1115
6 1152
6 1086
7 1032
7 1245
8 1032
8 1245
9 1170
9 1047
9 1086
9 1323
9 1279
9 1152
9 1113
10 1264
10 1253
10 1153
10 1198
10 1160
10 1168
10 1078
10 1243
10 1045
10 1308
10 1182
10 1021
11 1290
11 1031
11 1094
12 1201
12 1051
12 1338
12 1236
12 1335
12 1016
12 1152
12 1213
12 1138
13 1017
13 1265
13 1154
13 1242
13 1339
13 1151
13 1221
13 1181
13 1065
13 1227
13 1259
13 1030
13 1306
13 1188
13 1042
13 1041
13 1155
14 1017
14 1265
14 1154
14 1242
14 1339
14 1151
14 1221
14 1181
14 1065
14 1227
14 1259
14 1030
14 1306
14 1188
14 1042
14 1041
14 1155
15 1017
15 1265
15 1154
15 1242
15 1339
15 1151
15 1221
15 1181
15 1065
15 1227
15 1259
15 1030
15 1306
15 1188
15 1042
15 1041
15 1155
16 1266
16 1097
16 1344
16 1186
16 1189
17 1266
17 1097
17 1344
17 1186
17 1189
18 1266
18 1097
18 1344
18 1186
18 1189
19 1266
19 1097
19 1344
19 1186
19 1189
20 1266
20 1097
20 1344
20 1186
20 1189
21 1311
21 1314
21 1171
21 1065
21 1167
22 1187
22 1141
22 1328
22 1118
23 1187
23 1141
23 1328
23 1118
24 1042
26 1283
26 1017
26 1293
26 1303
26 1254
26 1339
26 1211
26 1046
26 1102
26 1066
26 1317
26 1316
26 1066
26 1283
26 1046
26 1033
27 1283
27 1017
27 1293
27 1303
27 1254
27 1339
27 1211
27 1046
27 1102
27 1066
27 1317
27 1316
27 1066
27 1283
27 1046
27 1033
28 1283
28 1017
28 1293
28 1303
28 1254
28 1339
28 1211
28 1046
28 1102
28 1066
28 1317
28 1316
28 1066
28 1283
28 1046
28 1033
29 1332
29 1017
29 1120
29 1184
29 1074
29 1246
29 1077
29 1299
29 1017
29 1129
29 1025
29 1263
29 1240
29 1167
30 1332
30 1017
30 1120
30 1184
30 1074
30 1246
30 1077
30 1299
30 1017
30 1129
30 1025
30 1263
30 1240
30 1167
31 1332
31 1017
31 1120
31 1184
31 1074
31 1246
31 1077
31 1299
31 1017
31 1129
31 1025
31 1263
31 1240
31 1167
32 1205
33 1205
34 1205
35 1205
36 1090
37 1090
38 1232
38 1105
39 1232
39 1105
40 1232
40 1105
41 1089
41 1009
41 1139
41 1305
41 1267
42 1089
42 1009
42 1139
42 1305
42 1267
43 1089
43 1009
43 1139
43 1305
43 1267
44 1145
44 1317
44 1201
44 1072
44 1050
44 1114
44 1223
44 1273
44 1230
44 1201
44 1115
44 1337
45 1145
45 1317
45 1201
45 1072
45 1050
45 1114
45 1223
45 1273
45 1230
45 1201
45 1115
45 1337
46 1145
46 1317
46 1201
46 1072
46 1050
46 1114
46 1223
46 1273
46 1230
46 1201
46 1115
46 1337
47 1083
47 1117
47 1147
47 1291
48 1083
48 1117
48 1147
48 1291
49 1083
49 1117
49 1147
49 1291
50 1196
50 1119
50 1052
50 1117
50 1007
50 1116
51 1024
51 1011
51 1154
51 1339
51 1258
51 1257
52 1024
52 1011
52 1154
52 1339
52 1258
52 1257
53 1024
53 1011
53 1154
53 1339
53 1258
53 1257
54 1024
54 1011
54 1154
54 1339
54 1258
54 1257
55 1255
55 1287
55 1034
55 1001
55 1282
56 1255
56 1287
56 1034
56 1001
56 1282
57 1255
57 1287
57 1034
57 1001
57 1282
58 1255
58 1287
58 1034
58 1001
58 1282
59 1255
59 1287
59 1034
59 1001
59 1282
60 1201
60 1058
60 1269
60 1106
60 1345
60 1163
60 1238
60 1183
60 1099
60 1103
60 1058
61 1201
61 1058
61 1269
61 1106
61 1345
61 1163
61 1238
61 1183
61 1099
61 1103
61 1058
62 1201
62 1058
62 1269
62 1106
62 1345
62 1163
62 1238
62 1183
62 1099
62 1103
62 1058
63 1086
63 1252
63 1165
63 1310
63 1133
63 1086
63 1073
63 1169
63 1061
63 1071
64 1086
64 1252
64 1165
64 1310
64 1133
64 1086
64 1073
64 1169
64 1061
64 1071
65 1212
65 1042
65 1175
65 1283
65 1004
65 1281
65 1042
65 1067
65 1081
65 1234
65 1339
66 1212
66 1042
66 1175
66 1283
66 1004
66 1281
66 1042
66 1067
66 1081
66 1234
66 1339
67 1329
67 1222
67 1171
67 1250
68 1329
68 1222
68 1171
68 1250
69 1329
69 1222
69 1171
69 1250
70 1156
70 1149
70 1029
70 1217
71 1156
71 1149
71 1029
71 1217
72 1266
72 1218
72 1122
72 1022
73 1266
73 1218
73 1122
73 1022
74 1266
74 1218
74 1122
74 1022
75 1017
75 1075
75 1065
75 1225
75 1315
75 1010
76 1017
76 1075
76 1065
76 1225
76 1315
76 1010
77 1201
77 1164
77 1173
77 1038
77 1275
77 1229
77 1043
78 1201
78 1164
78 1173
78 1038
78 1275
78 1229
78 1043
79 1201
79 1164
79 1173
79 1038
79 1275
79 1229
79 1043
80 1201
80 1164
80 1173
80 1038
80 1275
80 1229
80 1043
81 1201
81 1164
81 1173
81 1038
81 1275
81 1229
81 1043
82 1100
82 1342
82 1123
82 1284
83 1100
83 1342
83 1123
83 1284
84 1100
84 1342
84 1123
84 1284
85 1100
85 1342
85 1123
85 1284
86 1100
86 1342
86 1123
86 1284
87 1100
87 1342
87 1123
87 1284
88 1100
88 1342
88 1123
88 1284
89 1177
89 1117
89 1135
89 1134
89 1012
90 1177
90 1117
90 1135
90 1134
90 1012
91 1177
91 1117
91 1135
91 1134
91 1012
92 1177
92 1117
92 1135
92 1134
92 1012
93 1177
93 1117
93 1135
93 1134
93 1012
94 1268
94 1185
95 1268
95 1185
96 1268
96 1185
97 1268
97 1185
98 1248
98 1048
98 1093
98 1017
98 1095
98 1327
98 1130
98 1248
98 1206
98 1214
98 1131
99 1248
99 1048
99 1093
99 1017
99 1095
99 1327
99 1130
99 1248
99 1206
99 1214
99 1131
101 1040
101 1003
101 1294
101 1124
102 1040
102 1003
102 1294
102 1124
103 1040
103 1003
103 1294
103 1124
104 1040
104 1003
104 1294
104 1124
105 1040
105 1003
105 1294
105 1124
106 1040
106 1003
106 1294
106 1124
107 1318
108 1318
109 1318
110 1318
111 1044
111 1231
111 1152
111 1213
111 1226
111 1302
111 1096
111 1158
111 1098
112 1044
112 1231
112 1152
112 1213
112 1226
112 1302
112 1096
112 1158
112 1098
113 1044
113 1231
113 1152
113 1213
113 1226
113 1302
113 1096
113 1158
113 1098
114 1044
114 1231
114 1152
114 1213
114 1226
114 1302
114 1096
114 1158
114 1098
115 1044
115 1231
115 1152
115 1213
115 1226
115 1302
115 1096
115 1158
115 1098
116 1037
116 1297
116 1035
116 1261
116 1289
116 1171
116 1311
117 1037
117 1297
117 1035
117 1261
117 1289
117 1171
117 1311
118 1037
118 1297
118 1035
118 1261
118 1289
118 1171
118 1311
119 1037
119 1297
119 1035
119 1261
119 1289
119 1171
119 1311
120 1037
120 1297
120 1035
120 1261
120 1289
120 1171
120 1311
121 1037
121 1297
121 1035
121 1261
121 1289
121 1171
121 1311
122 1037
122 1297
122 1035
122 1261
122 1289
122 1171
122 1311
123 1037
123 1297
123 1035
123 1261
123 1289
123 1171
123 1311
124 1037
124 1297
124 1035
124 1261
124 1289
124 1171
124 1311
135 1063
135 1234
135 1224
135 1064
136 1063
136 1234
136 1224
136 1064
137 1063
137 1234
137 1224
137 1064
138 1063
138 1234
138 1224
138 1064
139 1063
139 1234
139 1224
139 1064
140 1063
140 1234
140 1224
140 1064
141 1063
141 1234
141 1224
141 1064
142 1063
142 1234
142 1224
142 1064
143 1063
143 1234
143 1224
143 1064
144 1086
144 1021
144 1309
144 1247
144 1201
144 1025
144 1293
144 1107
144 1324
144 1140
144 1193
144 1021
145 1086
145 1021
145 1309
145 1247
145 1201
145 1025
145 1293
145 1107
145 1324
145 1140
145 1193
145 1021
146 1086
146 1021
146 1309
146 1247
146 1201
146 1025
146 1293
146 1107
146 1324
146 1140
146 1193
146 1021
147 1086
147 1021
147 1309
147 1247
147 1201
147 1025
147 1293
147 1107
147 1324
147 1140
147 1193
147 1021
148 1086
148 1021
148 1309
148 1247
148 1201
148 1025
148 1293
148 1107
148 1324
148 1140
148 1193
148 1021
149 1089
149 1182
149 1199
149 1322
149 1095
152 1125
152 1318
152 1146
152 1125
152 1233
152 1319
152 1152
152 1162
152 1209
153 1125
153 1318
153 1146
153 1125
153 1233
153 1319
153 1152
153 1162
153 1209
154 1125
154 1318
154 1146
154 1125
154 1233
154 1319
154 1152
154 1162
154 1209
155 1125
155 1318
155 1146
155 1125
155 1233
155 1319
155 1152
155 1162
155 1209
156 1125
156 1318
156 1146
156 1125
156 1233
156 1319
156 1152
156 1162
156 1209
157 1125
157 1318
157 1146
157 1125
157 1233
157 1319
157 1152
157 1162
157 1209
158 1277
158 1015
158 1142
158 1076
159 1277
159 1015
159 1142
159 1076
160 1277
160 1015
160 1142
160 1076
161 1277
161 1015
161 1142
161 1076
162 1277
162 1015
162 1142
162 1076
163 1277
163 1015
163 1142
163 1076
164 1278
164 1109
164 1068
164 1239
164 1020
164 1111
164 1274
164 1330
164 1207
164 1159
164 1075
164 1069
164 1274
164 1330
165 1278
165 1109
165 1068
165 1239
165 1020
165 1111
165 1274
165 1330
165 1207
165 1159
165 1075
165 1069
165 1274
165 1330
166 1278
166 1109
166 1068
166 1239
166 1020
166 1111
166 1274
166 1330
166 1207
166 1159
166 1075
166 1069
166 1274
166 1330
167 1278
167 1109
167 1068
167 1239
167 1020
167 1111
167 1274
167 1330
167 1207
167 1159
167 1075
167 1069
167 1274
167 1330
168 1278
168 1109
168 1068
168 1239
168 1020
168 1111
168 1274
168 1330
168 1207
168 1159
168 1075
168 1069
168 1274
168 1330
169 1278
169 1109
169 1068
169 1239
169 1020
169 1111
169 1274
169 1330
169 1207
169 1159
169 1075
169 1069
169 1274
169 1330
170 1278
170 1109
170 1068
170 1239
170 1020
170 1111
170 1274
170 1330
170 1207
170 1159
170 1075
170 1069
170 1274
170 1330
171 1178
171 1343
171 1292
171 1219
171 1326
171 1059
172 1178
172 1343
172 1292
172 1219
172 1326
172 1059
173 1178
173 1343
173 1292
173 1219
173 1326
173 1059
174 1178
174 1343
174 1292
174 1219
174 1326
174 1059
175 1056
175 1292
175 1293
176 1056
176 1292
176 1293
177 1056
177 1292
177 1293
178 1056
178 1292
178 1293
179 1056
179 1292
179 1293
180 1079
180 1144
180 1249
180 1135
180 1177
181 1079
181 1144
181 1249
181 1135
181 1177
182 1079
182 1144
182 1249
182 1135
182 1177
183 1079
183 1144
183 1249
183 1135
183 1177
184 1079
184 1144
184 1249
184 1135
184 1177
185 1079
185 1144
185 1249
185 1135
185 1177
186 1321
186 1085
186 1280
186 1129
187 1321
187 1085
187 1280
187 1129
188 1321
188 1085
188 1280
188 1129
189 1321
189 1085
189 1280
189 1129
190 1321
190 1085
190 1280
190 1129
191 1321
191 1085
191 1280
191 1129
192 1108
192 1197
192 1331
192 1202
192 1157
192 1089
192 1174
193 1108
193 1197
193 1331
193 1202
193 1157
193 1089
193 1174
194 1108
194 1197
194 1331
194 1202
194 1157
194 1089
194 1174
195 1108
195 1197
195 1331
195 1202
195 1157
195 1089
195 1174
196 1108
196 1197
196 1331
196 1202
196 1157
196 1089
196 1174
197 1108
197 1197
197 1331
197 1202
197 1157
197 1089
197 1174
198 1014
198 1070
198 1091
198 1060
198 1288
198 1019
199 1014
199 1070
199 1091
199 1060
199 1288
199 1019
201 1013
201 1006
201 1027
201 1136
201 1340
201 1054
201 1049
202 1013
202 1006
202 1027
202 1136
202 1340
202 1054
202 1049
203 1013
203 1006
203 1027
203 1136
203 1340
203 1054
203 1049
204 1013
204 1006
204 1027
204 1136
204 1340
204 1054
204 1049
205 1013
205 1006
205 1027
205 1136
205 1340
205 1054
205 1049
206 1013
206 1006
206 1027
206 1136
206 1340
206 1054
206 1049
207 1271
208 1271
209 1271
210 1271
211 1271
212 1298
212 1262
212 1341
212 1336
212 1190
213 1298
213 1262
213 1341
213 1336
213 1190
214 1298
214 1262
214 1341
214 1336
214 1190
215 1298
215 1262
215 1341
215 1336
215 1190
216 1298
216 1262
216 1341
216 1336
216 1190
217 1298
217 1262
217 1341
217 1336
217 1190
218 1298
218 1262
218 1341
218 1336
218 1190
219 1298
219 1262
219 1341
219 1336
219 1190
220 1298
220 1262
220 1341
220 1336
220 1190
221 1298
221 1262
221 1341
221 1336
221 1190
222 1298
222 1262
222 1341
222 1336
222 1190
223 1298
223 1262
223 1341
223 1336
223 1190
224 1125
224 1304
224 1044
224 1067
224 1320
224 1208
224 1036
224 1334
224 1028
227 1101
227 1137
227 1112
227 1237
227 1018
227 1026
227 1194
227 1203
227 1053
227 1270
227 1307
227 1286
228 1101
228 1137
228 1112
228 1237
228 1018
228 1026
228 1194
228 1203
228 1053
228 1270
228 1307
228 1286
229 1101
229 1137
229 1112
229 1237
229 1018
229 1026
229 1194
229 1203
229 1053
229 1270
229 1307
229 1286
230 1101
230 1137
230 1112
230 1237
230 1018
230 1026
230 1194
230 1203
230 1053
230 1270
230 1307
230 1286
231 1101
231 1137
231 1112
231 1237
231 1018
231 1026
231 1194
231 1203
231 1053
231 1270
231 1307
231 1286
232 1101
232 1137
232 1112
232 1237
232 1018
232 1026
232 1194
232 1203
232 1053
232 1270
232 1307
232 1286
233 1272
234 1272
235 1272
236 1272
237 1272
238 1126
238 1161
238 1087
238 1228
238 1325
238 1195
238 1121
238 1285
238 1167
238 1260
238 1180
238 1082
238 1251
238 1300
238 1191
238 1210
239 1126
239 1161
239 1087
239 1228
239 1325
239 1195
239 1121
239 1285
239 1167
239 1260
239 1180
239 1082
239 1251
239 1300
239 1191
239 1210
240 1126
240 1161
240 1087
240 1228
240 1325
240 1195
240 1121
240 1285
240 1167
240 1260
240 1180
240 1082
240 1251
240 1300
240 1191
240 1210
241 1126
241 1161
241 1087
241 1228
241 1325
241 1195
241 1121
241 1285
241 1167
241 1260
241 1180
241 1082
241 1251
241 1300
241 1191
241 1210
242 1126
242 1161
242 1087
242 1228
242 1325
242 1195
242 1121
242 1285
242 1167
242 1260
242 1180
242 1082
242 1251
242 1300
242 1191
242 1210
243 1126
243 1161
243 1087
243 1228
243 1325
243 1195
243 1121
243 1285
243 1167
243 1260
243 1180
243 1082
243 1251
243 1300
243 1191
243 1210
244 1192
244 1235
244 1333
244 1170
244 1301
245 1192
245 1235
245 1333
245 1170
245 1301
246 1192
246 1235
246 1333
246 1170
246 1301
247 1192
247 1235
247 1333
247 1170
247 1301
248 1192
248 1235
248 1333
248 1170
248 1301
249 1192
249 1235
249 1333
249 1170
249 1301
250 1127
250 1088
250 1241
250 1143
251 1127
251 1088
251 1241
251 1143
252 1127
252 1088
252 1241
252 1143
253 1000
253 1176
253 1039
253 1276
253 1102
253 1166
253 1179
253 1216
253 1057
253 1104
253 1039
253 1295
254 1000
254 1176
254 1039
254 1276
254 1102
254 1166
254 1179
254 1216
254 1057
254 1104
254 1039
254 1295
255 1000
255 1176
255 1039
255 1276
255 1102
255 1166
255 1179
255 1216
255 1057
255 1104
255 1039
255 1295
256 1000
256 1176
256 1039
256 1276
256 1102
256 1166
256 1179
256 1216
256 1057
256 1104
256 1039
256 1295
257 1000
257 1176
257 1039
257 1276
257 1102
257 1166
257 1179
257 1216
257 1057
257 1104
257 1039
257 1295
258 1000
258 1176
258 1039
258 1276
258 1102
258 1166
258 1179
258 1216
258 1057
258 1104
258 1039
258 1295
259 1000
259 1176
259 1039
259 1276
259 1102
259 1166
259 1179
259 1216
259 1057
259 1104
259 1039
259 1295
260 1002
260 1228
260 1132
260 1093
260 1204
260 1312
260 1055
260 1244
260 1256
260 1110
261 1002
261 1228
261 1132
261 1093
261 1204
261 1312
261 1055
261 1244
261 1256
261 1110
262 1002
262 1228
262 1132
262 1093
262 1204
262 1312
262 1055
262 1244
262 1256
262 1110
263 1002
263 1228
263 1132
263 1093
263 1204
263 1312
263 1055
263 1244
263 1256
263 1110
264 1002
264 1228
264 1132
264 1093
264 1204
264 1312
264 1055
264 1244
264 1256
264 1110
265 1002
265 1228
265 1132
265 1093
265 1204
265 1312
265 1055
265 1244
265 1256
265 1110
